((("row_average" .
   [0 0 0 1 0 0 0 0 0 0 0])
  ("column_average" .
   [0 0 0 0 2 0 0 0 0 0 0 0 0 0])
  ("list1" .
   [1 0 0 0 0])
  ("length" .
   [0 0 0 1 0 0])
  ("arr" .
   [20 0 0])
  ("substring" .
   [0 0 0 1 0 1 0 0 0])
  ("s_sub" .
   [1 0 2 0 0])
  ("message" .
   [0 0 0 0 1 0 0])
  ("Location" .
   [1 0 0 0 0 0 0 0])
  ("get_primes" .
   [0 0 0 0 1 0 0 0 0 0])
  ("current" .
   [0 0 0 0 1 0 0])
  ("score2" .
   [1 0 0 0 0 0])
  ("sum_rate" .
   [0 0 0 0 2 0 1 0])
  ("corrcoef" .
   [0 0 0 0 0 0 1 0])
  ("MySQLdb" .
   [0 0 1 0 0 0 0])
  ("tmp" .
   [2 0 0])
  ("list_tmp" .
   [0 0 0 0 0 2 0 0])
  ("pca" .
   [4 0 0])
  ("python3" .
   [0 0 0 0 0 0 1])
  ("qudao" .
   [2 0 0 0 0])
  ("scale" .
   [5 0 0 0 0])
  ("m_new2" .
   [5 0 0 0 0 0])
  ("evals" .
   [14 0 0 1 0])
  ("evecs" .
   [7 0 1 4 1])
  ("cov" .
   [2 0 0])
  ("minnum" .
   [4 0 0 0 4 0])
  ("maxnum" .
   [2 0 0 0 3 1])
  ("shape" .
   [24 0 0 0 1])
  ("area" .
   [2 0 0 0])
  ("quhua" .
   [2 0 0 0 0])
  ("row" .
   [20 0 0])
  ("close" .
   [1 0 0 0 0])
  ("result" .
   [5 0 0 1 0 0])
  ("cursor" .
   [4 0 0 0 0 0])
  ("mat" .
   [12 0 2])
  ("main" .
   [4 0 0 0])
  ("bar" .
   [8 0 0])
  ("foo" .
   [11 0 0])
  ("except" .
   [0 0 0 0 1 4])
  ("ZeroDivisionError" .
   [0 0 3 1 0 0 0 0 0 0 0 0 0 0 0 0 0])
  ("Root" .
   [6 0 0 0])
  ("cls" .
   [3 0 0])
  ("Person" .
   [1 0 0 0 0 0])
  ("__class__" .
   [0 0 0 0 1 3 0 1 0])
  ("setter" .
   [7 0 0 0 0 0])
  ("greet" .
   [6 0 0 0 0])
  ("Hello" .
   [1 0 0 0 0])
  ("color-theme" .
   [0 0 0 0 0 1 0 0 0 0 0])
  ("require" .
   [1 0 0 0 0 0 0])
  ("MethodType" .
   [0 0 0 1 1 0 0 0 0 4])
  ("setAge" .
   [2 0 1 0 8 0])
  ("import" .
   [0 0 0 0 0 3])
  ("getGrade" .
   [0 0 0 0 0 1 0 0])
  ("self" .
   [0 0 6 14])
  ("elif" .
   [0 0 0 1])
  ("printScore" .
   [0 0 0 0 0 0 1 0 0 0])
  ("score" .
   [44 0 9 2 6])
  ("__init__" .
   [0 0 0 0 4 2 4 31])
  ("bart" .
   [3 0 0 7])
  ("Student" .
   [1 0 5 11 2 1 11])
  ("class" .
   [0 0 0 1 1])
  ("sleep" .
   [0 0 1 0 0])
  ("deco" .
   [4 0 1 0])
  ("__name__" .
   [0 0 7 2 2 0 1 3])
  ("myfunc" .
   [2 0 2 0 3 1])
  ("wrapper" .
   [0 0 0 0 1 0 0])
  ("msecs" .
   [0 0 1 0 0])
  ("starttime" .
   [0 0 0 0 1 0 0 0 0])
  ("str" .
   [0 0 1])
  ("endtime" .
   [0 0 0 0 1 0 0])
  ("func" .
   [3 0 0 1])
  ("world.lisp" .
   [2 0 2 1 0 1 0 0 0 0])
  ("world!" .
   [1 0 0 0 0 2])
  ("load" .
   [6 0 0 0])
  ("count" .
   [0 0 0 1 0])
  ("apply" .
   [0 0 0 2 0])
  ("lambda" .
   [0 0 0 2 2 1])
  ("lazy_sum" .
   [0 0 0 1 0 0 0 0])
  ("args" .
   [1 0 0 1])
  ("falg" .
   [1 0 0 0])
  ("break" .
   [0 0 1 0 0])
  ("print_prime" .
   [0 0 0 0 0 0 1 0 0 0 0])
  ("continue" .
   [0 0 0 2 0 0 0 0])
  ("is_prime" .
   [0 0 0 1 0 1 0 0])
  ("False" .
   [0 0 3 2 0])
  ("is_odd" .
   [1 0 0 0 0 0])
  ("filter" .
   [0 0 0 0 1 1])
  ("prod" .
   [4 0 0 4])
  ("tidy" .
   [1 0 0 0])
  ("str2int" .
   [1 0 0 0 1 0 0])
  ("char2num" .
   [0 0 0 2 1 1 0 1])
  ("reduce" .
   [0 0 0 0 1 0])
  ("next" .
   [0 0 0 3])
  ("iteritems" .
   [1 0 0 0 0 1 0 0 0])
  ("dict" .
   [0 0 0 2])
  ("addx" .
   [0 0 0 1])
  ("fun" .
   [2 0 0])
  ("fact2" .
   [2 0 0 0 0])
  ("ret2" .
   [4 0 0 0])
  ("fib" .
   [2 0 0])
  ("ret1" .
   [6 0 0 0])
  ("fact" .
   [8 0 0 2])
  ("stop" .
   [2 0 0 0])
  ("service" .
   [1 0 0 1 0 0 0])
  ("TypeError" .
   [0 0 1 0 0 0 0 0 0])
  ("raise" .
   [0 0 0 2 1])
  ("float" .
   [0 0 0 0 1])
  ("isinstance" .
   [0 0 0 2 3 0 0 0 0 5])
  ("while" .
   [0 0 0 1 1])
  ("my_abs" .
   [0 0 3 0 0 0])
  ("print" .
   [0 0 4 1 15])
  ("classmates" .
   [0 0 0 0 0 0 0 1 0 0])
  ("raw_input" .
   [0 0 0 2 0 0 0 0 0])
  ("age" .
   [28 0 3])
  ("person_age" .
   [0 0 0 1 0 0 0 0 0 0])
  ("names" .
   [0 0 0 0 2])
  ("name" .
   [58 0 0 1])
  ("sum" .
   [11 0 3])
  ("bin" .
   [0 0 1])
  ("birth" .
   [0 0 0 1 0])
  ("gender" .
   [1 0 0 1 0 0])
  ("city" .
   [2 0 0 1])
  ("enroll" .
   [2 0 0 0 1 1])
  ("numbers" .
   [0 0 0 4 0 0 1])
  ("num" .
   [33 0 0])
  ("return" .
   [0 0 0 5 1 7])
  ("calc" .
   [3 0 0 3])
  ("argu" .
   [0 0 1 0])
  ("person" .
   [3 0 0 0 1 1])
  ("yield" .
   [0 0 0 1 2])
  ("odd" .
   [2 0 0])
  ("str_to_Lower" .
   [0 0 0 0 1 0 0 1 0 0 0 0])
  ("add" .
   [10 0 0])
  ("list" .
   [3 0 0 1])
  ("title" .
   [0 0 1 1 0])
  ("artist" .
   [1 0 1 0 0 0])
  ("rating" .
   [1 0 1 0 0 0])
  ("ripped" .
   [1 0 1 0 0 0])
  ("make-cd" .
   [0 0 1 0 4 0 1])
  ("defun" .
   [2 0 0 0 0])
  ("*db*" .
   [4 0 0 0])
  ("add-record" .
   [0 0 1 1 0 1 1 0 0 0])
  ("Dixie" .
   [1 0 1 1 0])
  ("Chicks" .
   [1 0 2 0 0 0])
  ("arg" .
   [1 0 0])
  ("_deco" .
   [2 0 0 0 0])
  ("base" .
   [3 0 0 0])
  ("functools" .
   [0 0 0 0 0 1 1 0 0])
  ("format" .
   [4 0 0 0 0 0])
  ("hello" .
   [3 0 0 0 0])
  ("~a:" .
   [1 0 0])
  (":artist" .
   [0 0 0 1 0 0 0])
  ("__name" .
   [2 0 0 0 0 0])
  ("__score" .
   [0 0 0 2 0 0 0])
  ("ValueError" .
   [0 0 5 5 2 0 0 0 0 3])
  ("setScore" .
   [1 0 0 0 13 4 0 0])
  ("object" .
   [0 0 0 4 4 0])
  ("Animal" .
   [0 0 2 2 0 0])
  ("pass" .
   [0 0 0 1])
  ("Dog" .
   [2 0 0])
  ("dog" .
   [5 0 1])
  ("run" .
   [3 0 1])
  ("eat" .
   [1 0 0])
  ("Cat" .
   [1 0 0])
  ("cat" .
   [1 0 0])
  ("pritn" .
   [1 0 0 0 0])
  ("True" .
   [0 0 3 0])
  ("hasattr" .
   [0 0 0 0 1 0 0])
  ("None" .
   [0 0 0 1])
  ("value" .
   [26 0 0 2 1])
  ("_score" .
   [5 0 0 1 0 0])
  ("StopIteration" .
   [0 0 1 0 1 0 0 0 0 0 0 0 0])
  ("NameError" .
   [0 0 3 0 1 0 0 0 0])
  ("attr" .
   [6 0 0 0])
  ("AttributeError" .
   [0 0 0 2 0 0 0 0 0 0 0 0 0 0])
  ("finally" .
   [0 0 0 0 3 0 0])
  ("else" .
   [0 0 0 1])
  ("initialize" .
   [0 0 0 1 0 0 0 0 0 0])
  ("property" .
   [0 0 0 2 2 0 0 0])
  ("init" .
   [1 0 0 0])
  ("attrs" .
   [2 0 0 0 0])
  ("__new__" .
   [2 0 0 0 0 0 0])
  ("bases" .
   [1 0 0 0 0])
  ("ListMetaClass" .
   [0 0 0 0 1 0 0 0 0 0 0 0 0])
  ("MyList" .
   [0 0 0 1 0 0])
  ("columnType" .
   [1 0 0 0 0 1 0 0 0 0])
  ("colorsys" .
   [0 0 0 2 0 0 0 0])
  ("Field" .
   [2 0 1 3 0])
  ("column_type" .
   [0 0 0 0 1 1 0 0 0 0 0])
  ("__str__" .
   [1 0 0 0 1 0 0])
  ("StringField" .
   [0 0 0 0 0 0 0 0 0 0 1])
  ("IntegerField" .
   [0 0 0 0 1 0 0 0 0 0 0 0])
  ("root" .
   [3 0 0 0])
  ("super" .
   [0 0 0 0 1])
  ("day" .
   [14 0 0])
  ("year" .
   [5 0 0 0])
  ("IsLeap" .
   [0 0 1 0 0 0])
  ("leap" .
   [2 0 0 0])
  ("nonleap" .
   [0 0 0 1 0 0 0])
  ("mon" .
   [2 0 0])
  ("logging" .
   [0 0 0 0 2 0 3])
  ("Exception" .
   [0 0 1 0 0 0 0 0 0])
  ("FooError" .
   [0 0 0 1 0 0 0 0])
  ("StandardError" .
   [0 0 0 0 1 0 0 0 0 0 0 0 0])
  ("urllib" .
   [0 0 0 1 0 1])
  ("request" .
   [1 0 0 0 0 0 0])
  ("data" .
   [2 0 0 0])
  ("append" .
   [1 0 0 0 0 2])
  ("tmp2" .
   [2 0 0 0])
  ("m_new" .
   [2 0 1 2 0])
  ("gongxianlv" .
   [0 0 0 0 1 0 0 0 0 0])
  ("m_copy" .
   [7 0 0 0 0 0])
  ("var" .
   [2 0 0])
  ("average" .
   [9 0 3 0 11 2 4])
  ("_value" .
   [1 0 0 0 0 0])
  ("val" .
   [6 0 0])
  ("distance" .
   [3 0 1 0 0 0 2 2])
  ("_distance" .
   [0 0 0 0 3 0 0 0 0])
  ("cluster" .
   [8 0 0 0 0 1 0])
  ("_cluster" .
   [0 0 0 0 1 0 0 0])
  ("clu" .
   [40 0 0])
  ("__set" .
   [2 0 0 0 0])
  ("sum1" .
   [2 0 0 0])
  ("sample" .
   [22 0 0 1 0 5])
  ("sum2" .
   [2 0 0 0])
  ("remove" .
   [5 0 0 0 1 0])
  ("Cluster" .
   [1 0 1 11 2 2 1])
  ("ave" .
   [3 0 0])
  ("set_average" .
   [0 0 0 0 2 0 0 0 0 0 0])
  ("_average" .
   [0 0 0 1 0 0 0 0])
  ("samp" .
   [25 0 0 0])
  ("Sample" .
   [0 0 2 4 0 1])
  ("dis0" .
   [4 0 0 0])
  ("cal_average" .
   [0 0 0 3 0 0 2 0 0 0 1])
  ("cluc" .
   [5 0 0 0])
  ("dis1" .
   [4 0 0 0])
  ("Num" .
   [6 0 1])
  ("clu_set" .
   [14 0 0 0 1 5 3])
  ("FeatureNum" .
   [0 0 1 2 0 0 0 0 0 0])
  ("clac_distance" .
   [0 0 0 0 2 0 0 0 0 0 0 0 0])
  ("sample_set" .
   [1 0 0 0 0 0 0 0 2 0])
  ("min_dis" .
   [2 0 0 0 2 0 0])
  ("index" .
   [2 0 0 0 0])
  ("clu_index" .
   [1 0 0 0 1 1 0 0 0])
  ("flag" .
   [1 0 0 1])
  ("clu_new_index" .
   [0 0 0 0 1 0 0 2 0 0 0 0 0])
  ("usr" .
   [1 0 0])
  ("python" .
   [1 0 0 0 0 0])
  ("coding" .
   [1 0 0 0 0 0])
  ("numpy" .
   [1 0 0 0 0])
  ("np" .
   [6 0])
  ("mmn" .
   [1 0 0])
  ("linalg" .
   [1 0 0 0 0 0])
  ("eig" .
   [1 0 0])
  ("贡献率" .
   [1 0 0])
  ("con_rate" .
   [2 0 0 0 1 2 2 0])
  ("alert" .
   [0 0 1 0 0])
  ("console" .
   [12 0 0 0 0 8 3])
  ("log" .
   [15 0 6])
  ("xiaoming" .
   [1 0 0 0 3 6 0 0])
  ("delete" .
   [0 0 0 0 0 1])
  ("school" .
   [0 0 0 1 0 0])
  ("xiaozhang" .
   [0 0 0 0 0 1 0 0 0])))
